3.28461	2.53178
5.50874	7.76215
4.49749	8.12766
3.99764	9.67515
6.05317	6.12526
3.42799	5.77823
5.23256	4.39787
4.99835	6.2984
3.21702	7.28368
5.45778	6.83325
4.16265	3.13747
3.66478	7.12247
5.26871	7.5916
5.01499	2.4698
4.9214	2.2701
6.00079	0.927368
4.62623	1.41739
4.99806	9.76084
4.37795	0.363288
5.9261	5.49039
3.85995	5.71605
3.55432	3.30557
4.42651	3.86437
6.01081	5.25851
3.73772	7.74288
4.69642	0.427746
5.41741	0.847227
4.06934	9.98494
5.55186	7.06185
5.45085	4.7762
5.98445	0.888642
4.33136	3.99588
5.33407	8.16104
4.59601	7.99478
3.7686	4.80796
3.95068	5.74089
3.38151	6.4194
8.21519	8.22989
6.38619	3.78033
3.86641	2.57569
5.33418	4.1366
5.09366	5.71638
3.20784	2.41084
4.9834	3.277
4.34374	0.664998
5.35996	7.97616
4.4783	1.39537
4.72586	8.0586
4.92211	0.279887
5.25489	8.47949
3.86923	1.19718
5.47478	4.30802
5.31055	1.6561
4.89045	1.82083
3.98807	0.236301
6.04396	9.12217
4.49741	6.673
4.77894	8.05507
5.31463	0.208971
3.53913	3.15772
5.64538	1.67073
3.31728	4.69429
3.75978	0.367195
3.89914	6.27817
5.549	9.57045
5.53885	9.76911
6.8975	6.10682
5.23599	6.72886
4.15737	2.91499
5.51596	4.52724
3.83525	5.60673
1.54331	2.96392
5.84869	9.67612
6.39371	3.13618
6.09215	6.17657
6.683	8.32101
5.51607	9.75844
3.69598	3.38742
4.54733	2.82833
4.92644	8.76454
4.13928	1.88662
4.2859	4.07991
5.26528	5.22241
4.76491	4.73251
5.79046	3.26165
6.146	6.54232
6.10622	1.93324
6.12687	0.280142
4.77769	6.23087
5.66544	8.52638
5.91734	3.8399
6.52034	1.92186
4.20592	0.256096
4.08497	2.79194
5.3041	3.47467
6.27702	2.25429
5.11593	7.28014
7.03079	2.15075
3.88471	6.2793
6.7186	5.04075
5.5274	2.02231
3.85891	3.4267
6.62982	5.61992
4.55651	9.36757
4.88202	2.7887
5.62126	5.44157
7.74872	7.25071
5.69228	2.4047
6.92206	4.21777
3.37655	0.905921
3.4432	7.84932
5.63727	8.83603
5.59102	0.579242
4.90439	9.89778
5.83781	5.092
4.66862	0.0728731
5.61121	6.92692
5.1626	3.60171
4.64986	0.386265
3.99242	3.12568
5.68135	1.86054
5.57073	6.47394
5.22272	5.75965
5.93738	9.62522
3.48071	6.92045
4.63219	4.96845
1.59869	8.43946
5.65892	3.9505
5.43935	6.51676
3.91208	9.21215
3.85754	7.63958
4.83931	3.9778
5.15974	0.84556
3.35281	7.28527
7.5661	7.65287
4.20714	5.79932
5.19349	6.89217
4.85465	3.78736
5.55468	2.74294
5.46348	0.378104
5.48843	8.22947
2.45901	1.10645
5.33192	9.25245
5.74532	3.55031
4.15276	0.977445
3.01976	5.31073
5.58474	0.789276
4.02728	8.22691
8.01958	0.926833
3.95147	0.249841
5.24481	2.11442
2.95879	4.82729
5.18132	8.51391
6.10116	1.73558
5.62496	3.79419
6.18032	2.37265
4.82665	0.558905
5.85518	3.66689
5.67589	3.98902
5.38434	9.25541
3.56412	2.75975
4.43543	2.44272
5.01383	6.4438
3.45528	8.70146
4.24388	8.81158
6.45932	3.63041
4.55523	9.16125
5.00355	4.25697
4.5013	8.53321
4.04947	8.47729
5.48194	7.29566
6.46356	6.56673
6.59583	7.06546
5.26657	1.54854
5.40551	0.389852
4.8293	4.46903
4.59737	6.96513
5.22318	8.3882
7.22195	1.65915
3.74993	7.80564
3.59979	2.17897
5.11459	1.94264
3.97647	8.20089
5.35033	3.27093
5.30596	1.54286
5.3613	4.47969
5.89235	8.16413
4.25028	4.02078
5.02116	9.54084
5.66813	0.498049
5.20086	5.60695
4.86026	8.54102
6.1593	8.09721
2.57925	6.9357
5.6812	7.73511
5.05855	4.00063
5.33778	6.59256
4.32919	1.63771
3.17414	8.83172
4.98168	7.0212
5.34819	9.33527
4.266	5.12304
3.67214	2.57521
6.76164	2.80938
5.22166	6.02281
5.54578	7.5646
5.56989	5.75712
4.7753	6.789
3.6384	3.14206
4.32271	1.85404
3.64809	2.27532
1.75165	4.6412
4.74281	6.45442
5.53524	3.22351
5.6073	9.23466
3.13409	7.80007
2.53405	6.59436
6.85107	8.34072
5.71527	7.5626
4.829	4.5395
4.92048	3.72741
6.03789	1.92171
7.46276	6.38433
6.12673	4.09101
6.09405	4.94487
3.28503	4.55843
6.89705	8.86417
4.76901	6.39008
6.94362	2.04496
5.34688	0.810508
5.5919	8.03159
4.7133	8.68778
4.89127	2.30061
5.04903	0.442405
4.85564	1.64087
5.84684	2.44329
4.47364	4.47118
6.14168	8.92452
4.40146	1.72904
5.44746	7.48839
5.00168	2.8319
4.33017	4.44324
5.26513	3.70605
4.93882	9.62979
4.33882	9.01979
5.73538	1.49678
5.37226	7.13293
5.19422	9.00756
4.77223	0.654005
4.70926	3.20391
7.00853	8.70589
5.44343	8.1033
5.23363	0.575103
5.02408	1.70014
4.39052	9.17987
4.63139	8.57555
5.34746	8.87622
5.39725	5.7016
5.71191	4.64388
3.72923	3.27682
6.17755	6.52213
4.01538	1.06467
4.71654	4.61474
4.63627	9.05375
4.71959	9.63262
6.63209	6.24097
6.50186	7.41502
6.84935	1.95459
4.20834	0.313623
7.09986	4.31848
4.58669	0.917046
6.44024	6.84263
7.10053	0.169227
4.35511	2.29732
5.18377	2.56097
4.68232	0.454138
6.64355	8.88895
4.89254	4.87463
4.49331	6.32413
4.25168	4.33944
5.26986	6.68479
4.39609	3.58941
4.3451	1.8378
7.1648	3.52725
6.02831	6.50034
5.21536	3.1015
4.34726	9.32189
4.69484	2.24265
5.84196	3.1079
6.08051	5.17396
5.16452	3.91604
3.59854	7.62129
5.97376	8.32557
3.77398	7.41058
2.86428	1.40321
5.89449	3.55675
5.84029	3.27376
4.56058	1.29241
5.19986	8.37664
3.63163	1.12767
3.62291	6.62802
2.63324	2.84648
4.26531	2.70905
5.48862	6.90537
5.48581	5.73913
5.71831	0.139971
3.96683	3.66227
6.09067	9.37528
3.03389	0.892235
4.92466	1.18385
4.09042	5.77892
4.9992	3.79512
3.98659	6.60539
7.17569	7.8052
4.27493	2.75868
4.91138	0.666571
5.58021	1.61743
6.02217	8.26438
3.08102	5.71701
4.94958	4.74198
5.05288	4.73367
0.820838	2.04096
5.76758	8.29363
4.30415	3.05087
4.80866	1.78102
5.06351	5.56902
5.29591	2.891
6.12659	6.3226
4.25029	4.4453
4.12886	1.01264
6.14581	1.65894
6.35564	7.15988
6.55302	2.98191
5.13853	4.66256
5.06653	0.111894
4.17145	5.83073
5.14531	6.13837
4.31534	7.8546
6.65769	0.531209
3.68376	0.938127
3.95737	1.9416
6.78244	8.71361
3.63921	7.05423
6.10628	6.84643
6.03039	8.7315
4.92457	1.50253
4.14134	8.7588
4.40813	1.35107
4.73556	1.64693
4.95993	8.07198
5.61078	3.63654
5.86553	7.52565
6.21418	6.04516
5.42701	6.90029
5.5321	3.1896
5.14647	3.69629
5.32869	0.827243
4.90208	7.09955
5.34786	4.96191
4.08652	7.8217
7.76289	9.48788
4.98895	0.747613
4.77648	8.46546
4.44091	5.51772
4.72446	1.35308
2.29458	1.22569
5.28611	0.00502004
4.03023	2.90458
5.34178	9.76453
3.90984	2.09228
3.41567	7.96516
3.78599	7.60397
6.1647	8.02824
5.53017	0.68253
5.18524	6.55576
5.62778	4.65961
6.03541	7.01392
4.95262	9.31852
6.26309	6.64173
6.15647	9.37882
5.67518	9.88995
4.26213	4.07522
5.42827	2.44758
5.34677	6.96672
7.77425	7.09453
4.37518	3.04314
4.61215	7.51681
6.69667	3.04595
4.33354	4.91067
3.93625	5.75341
5.46561	3.34092
6.29321	9.22249
4.80367	7.34403
5.84335	9.57871
4.71997	3.60118
4.42296	2.52125
5.92635	0.48647
4.98194	1.61838
4.97914	9.11735
5.4437	4.4878
5.63871	4.6006
4.8878	0.483542
4.7424	5.69459
4.5277	9.67971
4.75604	4.04077
3.25369	5.89664
5.64639	5.44339
5.13357	6.11909
9.23046	9.72738
5.13502	3.2814
5.06537	0.873969
5.35532	9.21928
6.32469	8.43473
5.56507	2.31848
4.44836	3.14471
5.87937	8.78484
4.82589	1.69852
5.86375	0.350899
3.70629	3.26017
3.45967	1.11923
6.38223	2.22625
5.40686	4.62938
4.49267	9.71925
4.66496	7.30335
2.72591	6.17167
6.09414	5.32488
3.59011	4.87456
4.88383	2.44208
5.78591	0.925283
3.81465	4.86194
5.46763	1.80959
5.72737	4.97068
4.77884	8.91834
4.52615	8.19497
5.30756	9.68908
5.68905	6.75944
4.92803	9.48721
5.8877	5.41636
3.93995	5.30915
5.38903	1.05896
4.01453	4.92858
5.69102	1.24896
5.50625	0.375026
6.33844	4.99252
4.18637	0.542619
4.16888	1.88707
4.45155	9.2492
5.76864	2.38177
4.39512	3.10249
4.18633	2.13805
5.40518	1.4478
4.76166	3.24978
3.69846	0.549742
5.24374	9.83851
6.09167	1.68089
5.31227	1.40859
4.32114	8.17781
3.30143	2.70211
4.69491	5.45693
5.67856	8.56106
6.14265	4.05391
4.91309	6.07885
5.84773	8.12048
2.83277	0.698994
7.42365	8.78806
5.71426	9.14701
4.71302	3.96596
4.00408	6.77737
5.50097	0.0337445
6.32356	8.73239
5.217	6.13014
4.43639	4.10632
4.53186	2.17107
6.14303	2.72716
5.70371	4.47128
4.73268	4.9527
5.19031	1.84768
2.57131	3.39805
3.73064	9.77928
4.30637	8.59162
4.58002	3.60473
5.68637	8.92624
5.41127	7.82599
6.09755	2.91267
5.74203	6.65742
2.76619	2.49609
5.50868	0.93481
5.38207	3.75012
6.25383	0.603506
3.62981	3.20726
3.87072	2.92374
4.90647	8.44055
4.10388	0.0487856
6.76903	3.29599
6.7279	8.9511
7.19301	8.36282
4.62034	2.28116
3.58057	4.93296
5.14483	4.7068
5.52272	2.48856
5.36754	4.8978
5.30017	0.178249
4.70466	4.34688
5.93929	7.33024
4.46314	4.55833
5.4136	6.70962
3.89472	3.24268
4.17404	0.121441
4.71105	9.21596
4.57274	4.44323
0.692655	5.70678
4.27856	7.99619
4.88325	7.38503
3.43782	3.79226
6.46719	1.25385
4.91186	9.44663
6.11189	9.60126
4.60558	8.97953
6.66134	3.68494
4.74825	0.426743
5.71361	7.26727
4.03567	9.19056
5.65157	9.79087
6.44136	1.4734
5.37713	1.37801
5.12901	9.67585
4.8931	2.17793
5.71458	6.59626
5.94825	6.27899
6.10113	8.46859
5.57293	8.07257
4.65729	9.14788
5.96005	8.2788
5.31867	7.05104
4.36798	3.52944
3.78339	1.35219
3.78199	6.41916
2.37777	8.99309
5.18989	9.11083
4.88987	8.53208
3.32561	6.81496
5.12624	5.33173
2.465	1.14234
5.94091	2.11753
5.79942	8.10032
5.15427	6.61885
4.77155	9.27423
4.14835	9.56588
6.00677	0.366976
5.12322	2.97282
3.83023	4.17925
4.46638	7.09626
4.98491	7.14801
5.89959	0.953234
7.24852	2.71195
4.43265	8.39942
3.92855	9.25076
7.37522	0.174285
5.69127	6.17853
6.03191	8.65355
5.99495	7.98008
4.7774	5.42286
4.20876	1.08853
5.6223	5.74428
4.95964	8.21773
4.28304	5.11422
6.34899	3.32586
3.93566	2.91833
4.34416	8.80123
5.66147	2.59099
4.36301	4.08761
5.75703	5.80246
5.82793	6.12426
3.93889	3.19967
3.92914	6.1576
3.83329	8.03144
4.21259	9.20838
6.72587	2.94669
5.60283	9.92083
3.27477	4.94099
5.70406	7.52813
5.86423	8.41509
8.60525	6.23608
5.0405	3.9334
5.77869	4.73851
4.46265	3.3885
3.91552	8.20709
6.42994	4.59252
6.03744	9.19392
4.83043	4.32395
6.07389	4.80996
5.15954	1.99126
4.6171	4.17493
3.50083	8.91556
4.97276	0.91615
3.09185	9.70415
6.55791	1.27671
5.01639	2.10014
4.70842	9.69741
4.45811	9.60472
5.97116	4.27183
5.55898	5.41967
3.20483	6.2349
5.55106	8.98053
6.2977	5.77889
5.39492	5.85987
6.66677	9.31119
5.61926	1.76794
4.00218	5.77997
5.80278	7.59777
6.15629	8.23652
4.58635	0.75525
5.01006	3.17845
3.13808	9.74129
4.23374	9.62496
3.7919	0.295176
4.55591	3.89316
5.02402	4.05195
2.70852	1.05945
4.74421	4.42824
4.8576	5.98249
4.33421	1.56086
5.25774	1.50774
4.56783	7.92862
5.4709	8.56747
5.77507	0.163477
3.88412	3.95427
6.81422	4.4674
6.01572	2.34037
6.49436	0.299299
4.71969	2.17662
4.23266	8.36857
4.06936	6.96501
5.24014	2.35018
5.04299	0.185163
6.42231	6.29744
6.24208	9.72152
4.94928	1.31522
4.27773	0.210477
5.07389	5.2035
3.9675	6.09303
4.6972	2.29196
4.96671	6.31649
5.25617	1.19368
2.75636	6.60415
4.52002	0.735314
6.03168	8.6854
5.86162	3.60303
5.34348	5.474
4.89958	5.16821
5.3464	3.39647
4.27188	9.68399
3.16565	3.16187
6.03791	5.83155
5.14605	9.95542
4.87047	1.04857
4.67309	0.48407
4.82332	2.77785
4.47568	0.742716
5.77428	6.97119
5.15668	7.17915
5.05368	1.30456
5.43506	2.31643
4.97949	9.45476
6.83295	2.77086
3.40222	3.41341
4.19365	4.19304
5.50863	8.98575
4.22771	5.99993
5.77168	6.20238
5.39526	3.9748
3.94146	0.143561
5.6055	1.19635
7.06717	2.68236
4.61613	5.20056
5.71901	1.78835
4.61425	5.44944
6.55583	0.289351
3.89395	6.3009
1.69128	3.68276
6.05361	9.00832
6.02808	6.29752
5.90699	3.6054
4.79262	6.87921
4.1215	0.475217
3.61948	2.12676
6.26105	6.26416
6.61852	7.19715
4.0689	9.86948
6.25756	9.79722
6.37533	1.95212
6.35361	4.56719
4.03162	4.46071
5.82032	8.70242
7.35621	3.79987
3.95225	8.3261
5.62901	2.6348
5.18826	9.08352
4.19745	6.31708
8.27967	2.86376
3.99324	2.77861
3.59407	2.14365
5.95813	1.49977
4.30148	6.1632
5.18437	9.46416
7.58521	3.90073
5.1203	0.785263
3.44773	5.11644
5.088	4.84823
4.60633	4.57513
5.06275	2.03574
3.91051	2.19969
3.57877	6.249
5.72194	1.28157
4.74588	3.81474
4.78825	5.1818
5.1571	4.62613
4.96149	9.56787
4.31944	5.05154
5.08327	8.24443
4.31887	0.0201385
5.54752	4.28367
6.46973	2.03882
5.06938	0.127124
5.84074	5.07139
3.74007	3.63782
5.02979	3.87884
5.96928	4.97086
4.81949	2.49606
4.43754	7.73734
5.63133	7.72184
6.09529	5.13871
5.9498	3.94644
4.61823	4.96699
4.86639	4.81247
5.68453	1.60053
5.47734	4.79886
5.19192	4.23329
4.93191	9.79261
5.13978	7.03724
5.19104	5.09673
4.60208	2.28276
6.64774	8.16039
3.81898	7.05425
6.33643	7.80655
5.37305	1.93411
4.86694	6.78181
4.46309	7.80785
5.28733	9.92959
6.48769	5.91925
5.00957	5.77993
4.49139	8.87332
6.15066	9.54803
5.4047	3.45104
3.9507	2.19086
4.56619	3.94555
4.27844	1.78858
3.58095	5.03651
5.92081	7.23895
3.51792	9.99427
6.31452	2.06186
4.64993	4.13663
4.44725	1.22404
9.32728	1.22274
5.65973	6.49638
5.33128	6.19188
6.15792	3.00353
5.10155	4.10551
4.67822	1.0597
4.56829	7.92014
6.34738	1.5009
5.40723	4.52309
4.02039	2.14867
4.10676	0.200075
5.96	3.85777
4.34531	0.722406
4.54162	3.56569
4.79418	4.59445
5.31952	8.66391
2.76495	3.34674
5.18425	8.40669
5.9232	6.92647
5.8378	0.323924
5.68168	1.66737
5.33335	4.04715
5.24603	6.89066
4.00283	6.613
5.25701	9.31891
4.60434	5.55176
4.39995	2.22151
5.93631	4.827
5.68002	1.1055
6.77563	3.6084
4.04672	3.54461
6.69315	4.54842
4.76612	0.813305
7.38137	7.36484
5.11348	4.68218
3.92336	0.00218718
4.713	1.54903
3.90807	4.17015
3.47437	3.45899
3.33556	9.41853
5.7917	8.95015
3.93814	9.81661
4.01751	9.99678
3.37332	6.34005
4.84098	9.11095
4.70358	0.900733
5.86002	2.29892
5.0678	9.56422
5.04352	4.65554
5.50586	2.99439
4.76695	9.78441
4.99835	0.350457
3.95897	7.05717
5.95773	5.29187
5.32883	0.772496
4.80448	1.57567
6.14003	3.14169
5.42656	2.39873
5.9868	7.69338
3.36653	9.43918
6.33553	2.36479
2.21412	6.67106
6.01891	8.98602
4.91331	9.33677
5.95507	7.20405
6.65119	7.65002
6.09537	2.01236
5.36074	3.35557
5.09421	1.52376
4.87114	8.75664
4.94012	1.53774
5.60603	8.33185
5.91809	4.66212
5.51444	7.34257
4.38873	8.37289
5.72651	3.63674
3.58502	6.9281
6.99653	9.56291
5.24509	3.17254
5.00716	9.9814
5.26876	0.242871
6.63761	0.586188
6.47862	5.75101
3.99252	7.78424
4.66625	6.73813
5.03628	4.19425
6.04843	8.46195
5.27218	6.31115
5.04092	5.92176
5.07192	3.42644
6.58812	6.08756
5.98863	9.01855
4.71483	1.26309
5.48378	1.07624
4.70962	6.6831
4.33973	4.95987
4.95472	3.38992
4.10453	8.48113
5.38249	8.10625
5.51132	8.74508
4.82252	2.18439
5.56214	8.19967
4.80801	7.38319
4.07992	7.4695
5.73079	4.03977
4.42781	5.12343
6.83053	7.56336
5.67446	0.280109
3.62893	4.36734
4.48992	9.67342
5.1132	3.94084
4.68509	0.797399
3.72442	1.07756
4.77231	9.39146
6.13173	2.20913
6.25912	8.34015
2.61272	3.99299
5.99618	7.33203
3.5607	8.90218
5.16177	0.164302
4.60286	7.46801
5.34872	0.389072
6.09293	7.52538
4.91574	1.02681
3.67923	1.32385
5.63296	8.77864
5.86063	6.67422
4.99011	4.25413
4.93621	9.74239
4.68688	9.45176
4.84612	1.42512
3.49504	2.29774
6.34238	5.0543
4.74932	9.05696
5.93535	8.67284
3.13499	3.92069
3.33583	7.05062
4.18676	6.22133
4.85593	9.3105
5.66192	2.45229
5.09589	7.39189
3.84415	0.658842
3.80968	5.87243
3.47002	7.47787
6.04001	4.63751
3.72506	7.35363
4.22028	9.73636
6.04616	4.72202
5.26984	5.58089
4.48402	9.8588
4.79729	8.10121
5.28936	7.79848
3.53996	8.02974
4.84578	0.11724
4.52166	5.67243
5.42398	3.02532
4.98951	6.76392
5.36456	7.00836
3.58844	9.91318
3.93391	4.63194
4.83898	3.10441
5.6159	5.02221
6.64582	2.39944
4.78423	1.82689
5.50518	9.22835
4.81464	5.91266
4.87761	1.482
5.07551	6.69473
5.72181	9.40461
3.65725	9.87648
4.50486	9.2435
4.65908	3.50272
5.88456	6.28753
3.19239	0.897556
6.18301	6.67903
4.30725	9.22005
4.35418	1.48666
3.06542	6.98445
4.24795	3.27661
5.91668	7.15276
4.08411	6.59868
3.65784	1.16174
6.24335	3.69006
5.57816	6.91703
4.93601	0.371029
5.13028	3.98449
5.28081	2.21788
5.22148	5.35626
3.15049	3.78261
2.98503	8.45907
4.09889	8.76753
5.02651	3.4795
5.62934	5.22287
4.50566	7.93858
6.04314	1.83353
3.97504	1.69631
5.38961	5.21193
4.50459	2.3577
6.91571	1.06059
6.21704	7.16731
4.73086	2.93634
0.341377	1.02654
4.39281	2.20818
5.38306	8.58078
6.3966	8.65138
6.07488	1.56017
5.1724	9.93166
3.90948	2.67275
5.45265	2.57897
4.44427	7.23416
5.39445	4.71852
3.96336	6.03008
6.01765	2.61252
4.07653	0.754457
5.13156	9.99307
6.62158	5.41189
4.96706	2.94235
6.13697	4.82087
3.09344	2.33961
4.09366	5.77213
6.04786	8.81292
4.08817	1.52182
5.06186	2.37196
5.84592	7.40751
3.64624	8.15573
4.32262	5.16552
4.96233	6.71101
3.95577	3.11248
4.27452	5.55663
6.84033	9.30797
6.14366	1.40236
5.14198	0.150758
4.14652	9.61514
4.44832	5.52696
3.99061	2.49055
5.90557	6.99707
4.61364	0.362018