-2.02949 0 0 -0.339776 0 -2.06821 0.195824 -3.27297 0 -2.22953 -3.93077 -3.98309 -2.29043 -2.45344 -2.33225 -3.59785 -3.32327 -3.20976 -2.96886 -2.96588 -3.00605 -3.29701 -3.25214 -3.12328 -3.10475 -2.95464 -2.88526 -3.04456 -2.9924 -3.38308 -3.08669 -2.74157 -2.75502 -2.77792 -2.93036 -2.85295 -2.82651 -2.36264 -3.20879 -1.28825 -5.3078 0.0260008 -5.93768 -1.852 -1.36031 0 -0.978521 -2.73012 -0.398069 0.115371
1.96621 0.525439 -3.98708 -0.0688177 0 -0.67274 0 -3.50859 -2.07291 -2.58397 0 -3.73406 -3.08234 -3.4773 -3.92411 -2.10859 -3.34733 -3.52167 -3.14343 -3.48846 -2.97453 -2.91978 -3.0834 -3.29811 -3.18225 -3.08097 -3.24713 -3.06745 -3.0594 -2.83633 -2.75693 -3.25939 -2.93304 -1.77376 -2.83911 -2.6659 -2.46137 -3.60389 -4.25688 -3.55529 -5.88733 0 0 -3.00453 -2.57879 -0.990351 0 -2.14793 -2.23177 -2.20589
-2.05314 -3.46629 -2.88837 0 -1.00352 -5.23648 0 0 -0.0984648 0 -3.93907 -1.38482 -2.71034 -1.33185 -2.8201 -3.09759 -2.78913 -3.68032 -3.43363 -3.05473 -3.14421 -3.21724 -3.19679 -3.04925 -3.26961 -3.22155 -2.97312 -3.13542 -2.95491 -3.08518 -3.06047 -2.87143 -2.92089 -3.18223 -2.68987 -2.14007 -3.00586 -3.23602 -1.19386 -3.81076 -2.6648 -4.87594 -2.49921 -3.35237 -1.52341 1.88765 -2.34531 -2.58682 3.64088 0
-1.98901 0.499005 0 -4.95158 -4.28651 -4.47898 -3.7297 -5.84102 -2.41369 -2.37244 -3.74937 -3.01509 -2.24625 -2.20996 -3.5016 -2.42064 -3.45921 -2.88017 -3.10009 -2.87812 -3.21543 -3.0353 -3.08937 -3.05069 -2.97829 -2.9943 -2.96807 -3.18211 -2.95235 -3.08263 -3.13941 -2.6803 -2.74841 -2.72939 -2.0855 -3.73061 -3.07933 -3.00323 -2.94717 -3.17359 -2.71284 -3.26429 -3.8088 0 -1.55162 -2.26709 0 0 -1.00386 0
-1.45754 -2.6006 -4.7709 -1.93645 -3.94767 0 0 -4.60861 0 -0.189085 -3.14824 -5.16174 -3.0131 -2.06143 -3.73733 -2.05783 -2.9861 -3.17061 -3.38636 -3.05645 -3.41357 -3.12375 -3.29467 -3.12198 -3.16725 -3.16013 -3.07911 -3.20441 -3.18848 -3.03785 -3.32027 -3.04261 -3.11015 -2.3261 -1.83672 -3.2996 -3.72315 -2.31918 -2.08144 -3.73261 -3.10014 -1.20752 0 -1.80003 -1.76055 -5.08005 -1.72048 1.37076 0 0
-0.357994 2.03751 -1.57673 0.459019 0 -4.83632 0 0 -2.09916 -3.07186 -0.0413413 -3.87798 -3.08094 -3.659 -2.808 -3.29145 -3.56748 -3.47209 -3.00775 -3.51576 -3.09273 -3.12264 -3.20402 -3.16914 -3.03952 -3.16953 -2.93189 -3.14126 -3.08007 -2.99066 -3.37018 -3.05458 -3.08701 -3.05525 -2.59458 -2.34036 -1.80924 -1.1152 0 -4.35606 0.0943692 -1.34354 0 -2.53196 0 -3.22089 -2.8833 0 0 4.58461
-1.16903 -0.168956 -1.1853 -4.78173 -1.24208 -2.05865 -2.27265 -2.21885 -3.87291 -3.56767 -3.03179 -4.43153 -3.71177 -2.47401 -2.91107 -3.98274 -3.59986 -3.23805 -3.32872 -3.27258 -3.09471 -3.43687 -3.16319 -3.0186 -3.07629 -2.99593 -3.25248 -2.8786 -3.1283 -3.01426 -2.97231 -3.13954 -2.79081 -2.39251 -3.72459 -3.36988 -2.53055 -5.2445 -2.83873 -1.36386 -2.88709 -5.17613 -3.07687 -4.39764 -1.6452 0 0 -3.39199 -1.31003 1.12432
-4.5867 1.09944 0 -1.40993 -5.49787 -5.82597 0 -1.52954 -2.71494 -5.70684 -1.29974 -0.766928 -4.51914 -2.81653 -3.18818 -3.66195 -3.55807 -3.17227 -3.34883 -2.84901 -3.19708 -3.25521 -3.15674 -3.09033 -2.95045 -3.07929 -3.02111 -3.3298 -2.85674 -2.97977 -2.69945 -2.75211 -2.53583 -3.6724 -1.16952 -2.896 -2.28216 -3.89793 -3.35451 -3.72473 -3.92705 -3.42862 -4.32003 -1.12328 -3.51443 -3.49128 -3.66261 0 -1.33181 0
1.02137 0 4.03344 0 -1.2276 -4.48682 -4.73506 -2.73955 -2.4986 0 -2.05548 -0.220008 -5.29428 -1.27658 -4.17429 -4.06198 -2.7622 -3.21431 -2.95635 -3.49252 -3.10345 -3.30026 -3.3881 -3.14513 -3.21122 -3.08186 -2.95694 -2.9818 -2.82847 -2.93963 -2.83947 -2.84057 -3.1026 -3.33217 -2.93957 -3.90812 -2.41235 -4.62693 -3.5595 -2.63611 -3.23683 -2.68986 -0.976128 -3.71654 0 2.15754 -2.98887 0 -1.99388 -3.71975
-0.531664 -3.2537 -3.22762 -3.88983 -3.38082 0.640984 -0.658305 -3.05704 -0.800198 -5.49291 0 -4.23267 -3.74722 -4.74679 -2.49366 -2.51954 -2.87247 -3.32844 -3.26252 -2.94254 -3.02068 -3.17172 -3.14893 -2.90904 -2.86822 -3.20957 -3.17108 -3.02509 -3.17787 -2.99838 -2.98804 -3.23743 -2.73673 -2.83061 -2.53032 -3.99612 -2.64489 -3.04439 -2.71239 0 -2.5548 -3.10892 -3.53862 0 -3.04048 -3.46847 -1.80055 -0.323986 0.533999 0.914497
-3.9962 -0.539192 0 -0.195329 -0.361443 -5.2109 -3.21923 -2.15937 0 -2.66007 -5.71585 -5.14564 -3.5275 -2.83931 -2.10624 -3.03707 -3.30526 -3.10519 -2.96187 -2.90544 -3.24697 -3.2682 -3.15635 -3.16489 -3.2113 -3.40182 -3.07878 -2.88242 -2.97198 -2.94835 -2.92173 -2.85484 -3.27696 -2.46504 -3.05589 -2.83627 -1.85093 -2.50762 -2.65794 -2.80728 0 -4.37883 0 -3.37692 0 0 -3.02205 -0.472815 -0.749298 -0.0446785
2.59965 -3.32273 -0.94634 -2.25891 -0.64875 -3.70126 -2.68905 0 -1.73179 0 -3.79435 -2.40792 -4.53318 -2.69023 -2.93079 -2.48507 -3.63028 -3.35549 -3.20335 -3.19841 -2.99917 -3.11122 -3.07435 -3.40289 -3.26398 -3.20184 -3.33569 -3.06178 -3.17162 -2.76763 -2.7872 -2.86075 -3.11348 -2.58556 -2.18503 -3.81608 -2.82698 -2.38275 -1.2783 -3.93964 -3.77366 -4.08844 -3.61687 -5.76493 -2.10344 -3.51926 -2.75786 -2.25997 -1.59046 1.47441
-1.45367 -1.76852 -0.787758 -2.91542 -2.03149 0 -3.74276 -2.96889 0 -4.855 -2.06242 -0.169727 -4.06373 -6.06512 -3.06119 -1.49118 -3.79227 -3.27858 -3.0805 -3.41483 -3.31734 -3.25503 -3.23804 -3.21224 -3.13791 -2.99984 -3.0098 -2.96811 -2.94173 -3.14953 -3.19846 -3.08701 -3.58812 -3.32975 -3.53798 -2.37499 -2.75359 -2.36657 -5.13053 -2.89481 -1.46154 -0.940491 0 0.0909431 -2.63903 -2.59563 -2.83105 -1.9068 -2.96862 1.91033
-2.05249 -0.272163 -1.70201 -1.37453 -1.04666 -1.262 -1.27815 -2.09586 -1.45868 -5.38308 -1.12436 -2.70895 -3.73986 -2.62112 -3.49025 -2.94901 -2.98183 -3.85359 -3.29747 -3.25838 -3.08409 -2.80102 -3.19054 -3.14586 -2.80152 -3.21912 -2.98901 -2.94136 -3.05374 -2.86251 -2.96137 -2.82047 -2.96425 -3.41034 -2.62381 -3.06048 -4.20119 -2.10726 -2.60871 -1.84454 -1.57095 -4.83201 -3.46126 -5.26277 -3.15766 -1.83573 -2.32606 -1.82541 -1.73794 -1.54171
1.96871 -0.577181 -0.205932 -4.2497 -3.14243 0 0 -4.16486 -3.93319 -4.71937 -3.89234 -3.55453 -3.83502 -3.83121 -3.42505 -2.60408 -2.52646 -3.18591 -3.09981 -3.04725 -3.0249 -3.38767 -3.34193 -3.13592 -3.22645 -3.09707 -3.47525 -3.18771 -3.02775 -3.28115 -3.0183 -2.74552 -2.99867 -3.5438 -2.44278 -2.26265 -2.77622 -3.46443 -4.65521 -2.45853 -0.976748 -1.89023 -3.30591 -3.57784 0 -3.48079 -2.76803 -1.99626 0.311547 -0.152863
1.7178 -1.75212 -3.67109 -1.54714 -4.12484 -2.99496 -0.804103 -1.33786 -2.65943 -3.03031 -1.11462 -2.36811 -3.43909 -3.27532 -3.38347 -3.62268 -3.15595 -3.36753 -3.08535 -2.94475 -2.85131 -2.87222 -3.26024 -2.94404 -3.0965 -3.16623 -3.12559 -2.88479 -3.13836 -2.71606 -2.97761 -2.72105 -2.67035 -2.21119 -3.34303 -3.01994 -3.77717 -2.15643 -3.74645 -4.43077 -4.01285 -3.54759 0 -2.13087 -1.6838 -2.60279 -1.63123 0.0457256 -0.358103 -1.09803
-1.23626 0.547557 0.763216 -3.33323 -0.330756 -3.17562 -3.96514 -2.72267 -2.74207 0 -2.44587 -2.07083 -4.50991 -2.73869 -3.78702 -2.29721 -3.37058 -3.14151 -3.32864 -3.05908 -3.14908 -3.33643 -3.41119 -3.26927 -3.22811 -3.12533 -3.07305 -3.02058 -3.18128 -2.93061 -3.34449 -3.27877 -3.07879 -2.67726 -2.55042 -2.21012 -4.53242 -2.98894 -4.47641 -3.16368 0 0 -0.583517 -4.20797 -2.73203 -3.17852 -4.09047 0.574125 0 0.88683
-2.49409 -3.9296 -0.723006 -0.429767 -3.64541 -3.63169 -3.78783 -4.51696 -2.315 0 -4.13124 -2.78294 -2.14231 -3.02686 -2.59815 -3.26595 -3.02566 -3.58497 -3.1577 -3.48354 -3.54815 -3.34632 -3.02128 -3.16578 -3.15294 -3.00277 -3.02874 -3.20056 -3.03546 -2.90391 -2.7662 -2.78733 -3.62121 -3.30759 -3.2138 -2.68922 -1.48903 -4.5004 -4.10407 -1.85507 -3.0176 -3.60953 -2.41763 -4.31381 -3.07304 -2.04917 0.6362 -2.02536 -1.55928 -1.57043
-1.04092 0.271478 -0.0436574 -3.22364 -2.78534 0 0 -5.53624 -4.81967 -3.16481 -3.45507 -3.05297 -4.1732 -4.16846 -2.35091 -2.93011 -3.28663 -3.17142 -3.18358 -3.22934 -3.31537 -2.96084 -3.15108 -3.10868 -3.00895 -3.18884 -3.21073 -3.06096 -2.95741 -2.61975 -2.77305 -2.96691 -3.43465 -3.43629 -3.56795 -3.20116 -4.26898 -3.75312 -1.06344 -4.06533 -2.75402 -3.2607 -3.94196 -3.35819 -0.631581 -2.46763 -0.347837 -1.32308 -1.46723 -0.29145
0.012228 0.547086 0 -2.12582 -2.55904 -1.50582 0 -2.37057 -3.24839 -4.47991 -4.64771 -2.55294 -4.62599 -4.49185 -4.38931 -3.16298 -3.29073 -3.29593 -3.52432 -3.06474 -3.05964 -3.53121 -3.08995 -3.26317 -3.27218 -3.12045 -3.19512 -3.13205 -3.08716 -2.88777 -2.85518 -3.48088 -3.33443 -3.08461 -3.45317 -5.08697 -2.00555 -2.39066 -3.37747 -3.25331 0 -3.96255 -5.09392 -1.62041 -2.54657 -2.69362 -1.71176 -4.87132 -2.37941 0.791954
-1.77311 -1.17189 -0.223288 -2.4022 -1.05196 -2.74699 0 -3.87714 -1.8878 -2.12474 -1.33506 -1.10512 -4.15478 -3.97092 -3.324 -3.2632 -3.62239 -3.82537 -3.428 -3.49253 -3.38525 -3.48691 -3.31382 -3.22391 -3.08331 -3.20259 -3.18197 -3.01615 -3.14971 -3.08502 -2.73456 -2.79521 -3.43793 -3.29618 -3.25144 -3.62768 -3.46262 -2.3123 -3.35578 -1.58156 -3.98628 -0.745326 -2.76379 -3.19592 -1.95121 -1.23358 -2.98571 -1.43161 -1.49972 1.64068
1.56784 0 -0.463887 -2.76458 -2.16723 -2.14324 -1.94 -0.839345 -4.86982 -2.89069 -0.829126 -4.96237 -4.64461 -1.99392 -3.74797 -3.2162 -3.19891 -2.68842 -3.10995 -3.2211 -3.1719 -3.17794 -3.10172 -2.97331 -3.17371 -3.03932 -2.76258 -2.6223 -3.34832 -3.05187 -3.04866 -3.04574 -3.49931 -3.75016 -3.2278 -2.94139 -1.8557 -4.44752 -3.59905 -3.88692 -3.74713 0 -2.16079 -4.2389 -4.11263 -0.982139 -3.65241 -1.09254 0.741985 -1.53626
0.0881242 -1.32342 0.451314 0.0340305 -1.52533 -1.30023 -4.2898 -3.04126 -2.64624 -3.88458 -3.46374 -3.11398 -4.32622 -3.80045 -3.27571 -4.01026 -3.51952 -2.95981 -3.15442 -3.31402 -3.43189 -2.96217 -3.14658 -2.96738 -3.02197 -3.17266 -2.93519 -3.12869 -3.08352 -3.40134 -2.89248 -3.26144 -2.70658 -2.94859 -2.8587 -2.92802 -3.76787 -4.05804 -4.74029 -3.48489 -1.43409 -3.96231 0 -3.27648 0 -2.0859 -2.01822 -2.15634 0.59749 -2.91205
-0.705663 -0.579393 -1.22786 -0.487231 -3.90241 -4.35972 -3.56289 -3.7622 -4.599 -4.02524 -0.411188 -1.89215 -1.26775 -2.24003 -3.06956 -3.37059 -3.7652 -2.79741 -2.8532 -3.32561 -3.47758 -3.17823 -3.21316 -3.31003 -3.0748 -3.15543 -3.2444 -3.01169 -2.81542 -3.11783 -2.70092 -3.23021 -3.1776 -3.43464 -2.53189 -1.70227 -3.48003 -4.04029 -5.00581 -1.27044 -2.82147 -3.57929 -1.53405 -2.37018 -6.01397 -3.0543 -0.00559612 -4.55804 -2.53852 -0.4549
-1.0355 0.653869 -2.63588 -3.44913 -1.44164 -2.34602 -3.96906 -4.92737 -2.82825 0.0255452 -2.50206 -4.86753 -3.30356 -1.39669 -2.70302 -4.09687 -2.18983 -3.21793 -3.21008 -2.72269 -3.45411 -3.20447 -3.04607 -3.33233 -2.9215 -3.11254 -3.08625 -3.18876 -3.32535 -3.26717 -3.21488 -2.88137 -3.1884 -3.04913 -3.18816 -2.76703 -4.00426 -0.261866 -2.65491 -2.88413 -1.08436 -1.01993 0 -2.71647 -1.42944 -0.225364 -2.48341 -0.915626 0.501075 2.99479
-1.68768 -5.28716 -3.98391 -2.97344 -3.57604 -4.93504 -4.31173 -4.00766 -0.270333 -5.00801 -2.8229 -3.97751 -5.02407 -4.15641 -3.87897 -3.54704 -1.83738 -3.07685 -2.96237 -3.30261 -3.16987 -3.39756 -2.89896 -3.16026 -3.08128 -3.00038 -3.15517 -3.22173 -2.72147 -3.29397 -3.11979 -3.10654 -3.05598 -3.14256 -3.04709 -2.55765 -2.32251 -2.97756 -4.38358 -3.33772 -3.90793 -4.86266 -1.84105 0 -4.93915 -3.65851 -0.533444 -0.738165 -2.272 -0.826638
1.23178 2.812 3.84644 -2.741 -3.02811 0.171028 -4.04452 -3.37059 -3.53522 -0.853733 -5.85638 -3.32288 -2.25483 -4.40113 -3.69297 -3.61209 -3.14052 -3.34675 -2.8297 -3.34381 -3.25881 -3.37737 -3.15866 -3.32906 -3.22353 -2.8724 -3.17158 -3.04804 -2.9885 -2.94515 -2.77537 -2.93296 -3.29658 -2.57513 -2.3671 -3.04482 -3.49424 -0.963094 -3.13479 -1.3999 -0.552387 -0.73477 0 -3.29565 0 -3.89662 -0.820715 0.0279708 -1.48519 -0.518587
0.7989 -2.56317 -2.09176 -1.87782 0 -2.56516 -0.154686 -3.24845 0 -3.34456 -0.368209 -2.01046 -2.1778 -5.4958 -4.06232 -2.6162 -3.19833 -3.07602 -3.20473 -2.95886 -3.12704 -3.37303 -3.03135 -3.551 -3.30138 -3.19852 -3.11105 -2.89152 -3.21107 -3.1168 -2.60774 -2.87319 -2.79769 -3.7197 -3.62005 -2.88363 -2.04316 -0.825356 -1.84056 0 0 0 -3.24803 -2.65099 0 -5.26793 -0.606397 -0.46085 -3.09059 -0.380281
-0.542648 -2.63313 -0.16582 0.0757628 -5.4443 -2.96382 -1.42118 0 0 -4.51327 -0.87578 -3.78141 -0.971312 -3.40693 -4.30754 -3.43008 -3.65188 -3.61257 -3.39324 -3.60342 -3.01616 -3.37348 -3.11371 -3.14028 -3.05047 -3.32678 -3.22858 -3.04578 -2.92463 -3.03985 -2.80262 -2.77768 -3.35068 -3.35369 -3.47501 -3.60911 -3.53012 -3.45002 -3.3146 -4.88896 -0.714979 -3.05369 0 -3.77163 -5.46036 -1.70205 -3.1958 0 -0.502632 1.19753
-0.311361 0.999345 1.65878 -0.417659 -1.71332 -3.54941 -3.22938 0 -4.67235 -0.834034 -1.57247 -4.13147 -1.97556 -4.07281 -3.30837 -3.32994 -3.44906 -2.97906 -3.33824 -3.18021 -3.16268 -3.182 -2.99817 -3.27714 -3.21272 -3.26535 -2.93545 -3.00252 -3.12923 -2.91267 -3.2783 -3.36294 -3.31999 -2.62965 -3.1672 -3.05726 -0.462904 -1.30101 -4.46975 -3.07926 0 -1.25785 -3.05603 -2.88685 -1.31121 -2.90855 -4.22995 0 0.32381 -1.18267
1.16273 0.656341 -1.70057 -4.78975 -3.33374 -3.32476 -2.82645 0 -3.53912 -3.72081 -3.27919 -4.15372 -3.1407 -3.99388 -3.26835 -4.436 -4.04024 -3.2091 -3.38771 -3.10068 -3.20346 -3.30215 -3.01697 -2.95457 -3.45644 -3.08986 -3.07377 -2.90561 -2.80759 -2.92041 -3.39043 -2.98794 -2.57231 -2.4822 -2.49364 -3.19123 -1.93282 0 -4.25578 -3.143 0 -0.695911 -2.66316 -2.05143 0 0.0199537 -3.76593 0.70006 -0.252469 -0.345622
1.9222 -1.20618 -2.19775 0.145649 -3.3245 -3.93613 -4.61058 -2.28945 -1.09445 -0.755091 0 -2.74895 -4.30289 -2.6847 -3.40996 -1.96707 -4.12068 -3.19657 -3.34026 -3.10668 -3.1826 -3.22872 -2.88418 -3.17389 -3.26301 -3.37028 -3.20502 -3.31977 -3.02271 -2.95218 -2.86712 -3.1011 -2.83551 -2.71375 -3.09449 -2.66692 -2.96698 0 -6.19972 0 -0.573912 -3.42128 -1.88426 -4.37589 -1.24772 -3.19467 0 3.28675 -0.545108 0.397097
0 -3.0788 0.333428 -3.72252 -3.62713 -2.90518 -2.51501 0 -1.99231 -5.45575 0 -5.48364 -3.07341 -2.72882 -2.49554 -3.12487 -3.31922 -2.70077 -3.29176 -3.32757 -3.05106 -3.12242 -3.10343 -3.1729 -3.2419 -3.17841 -3.21415 -2.85653 -3.18842 -3.09353 -2.94728 -3.22619 -3.09162 -3.44397 -4.31393 -3.61854 -2.429 -2.46999 0 -2.58216 -0.202695 -1.38253 -2.30505 -3.58633 -1.25935 -2.13286 -2.01022 1.00161 1.13016 -0.407251
0 -0.852806 -1.99961 0 -2.87005 -4.80467 -0.920325 -4.42859 -4.05589 -2.1463 -4.70743 -4.21629 -1.34073 -3.46714 -2.49996 -3.43147 -3.38052 -2.93264 -3.1975 -3.32255 -3.28873 -3.27358 -3.42047 -3.18083 -3.2563 -3.13373 -2.9376 -2.88611 -2.76819 -2.90912 -2.62483 -3.05636 -3.04967 -3.09374 -2.87767 -3.31568 -2.76473 -3.56058 -1.68974 -1.69088 -0.979594 -3.85029 -1.54343 -3.99708 0.437451 0.513524 -1.8193 -1.11395 -0.266758 -1.50092
0 -1.20936 0 0.391229 -1.7783 0 -4.33242 -3.17253 0 -4.85312 -3.27452 -5.59818 -1.77151 -3.74088 -3.66542 -3.35005 -2.55792 -2.76882 -2.61655 -2.85802 -3.09058 -3.2856 -3.11956 -3.01629 -3.05297 -3.20628 -2.94342 -3.31058 -2.76316 -3.04467 -2.90603 -3.02185 -3.17244 -2.29477 -2.43077 -2.04646 -2.99893 -3.31448 -5.3694 -3.47032 -1.04997 -4.34994 -3.36118 -1.87313 -0.728414 -1.00344 -4.06695 -0.374356 1.44798 -1.25534
-3.81801 -2.68576 -1.20052 -1.96834 -2.73577 -4.62538 -4.86178 -2.84726 -0.577427 -0.923837 -5.25108 0 -2.67218 -6.07668 -2.52486 -3.18729 -2.99207 -3.13769 -3.2931 -2.99659 -3.13073 -3.30839 -3.00487 -3.24696 -3.12082 -3.12383 -3.05919 -3.11015 -3.28833 -2.99689 -3.15805 -3.50189 -3.08696 -3.20537 -2.91828 -3.83335 -2.34852 -3.36479 -2.40025 -1.88469 -3.6257 -3.12093 -0.761865 -2.65206 -2.59002 -3.14851 0 -0.885456 1.28435 0
-0.0928882 0.233214 0.91689 -2.06204 -2.4757 -3.58959 -2.81617 0 -1.55064 0 -3.10641 0 -2.66612 -3.09326 -3.59417 -3.72806 -3.11466 -3.57697 -3.00434 -3.18809 -3.28954 -2.90959 -3.16241 -2.99613 -2.96394 -3.00738 -3.21363 -3.07913 -3.10212 -3.21674 -2.89527 -3.47869 -3.20878 -3.18531 -3.37836 -3.08381 -3.19707 -3.25333 -2.96419 -1.79895 -3.95184 -3.03885 -5.27737 -1.59113 -3.78716 -4.04411 0.187991 -1.33204 0 -0.146978
0.684993 -1.02566 -3.21333 -2.62409 -0.876039 0 -2.19346 -2.91971 -3.29576 0 -2.5197 -3.243 -3.17318 -4.67467 -3.35447 -2.50473 -3.43188 -2.87326 -3.47854 -3.24671 -3.23386 -3.31933 -3.26199 -3.08308 -2.97952 -3.19976 -3.21751 -3.04492 -2.82646 -3.08039 -2.73754 -3.17572 -2.45472 -3.21844 -3.03779 -2.13499 -2.60461 -2.74129 -3.30985 -2.69635 -2.27922 -1.30451 -2.32886 -3.7213 -2.35338 -3.74 -2.66902 0.743695 -2.32883 0.160226
0.763393 0 -1.73114 -3.45536 -0.615911 -4.98794 0 0 -1.76489 0 -4.17573 -4.31057 -3.11814 -2.60691 -3.975 -3.23314 -2.95526 -3.88955 -3.16461 -3.30318 -3.33762 -2.98325 -3.28176 -3.11996 -3.22935 -2.99181 -3.05079 -3.06218 -3.10429 -3.28391 -2.68312 -2.81724 -2.63051 -2.62339 -3.51009 -2.32979 -1.9121 0 -3.21217 -3.91797 0 -1.22013 -1.49482 -2.98776 0.0918116 -1.62174 -3.22791 -1.7242 -1.44069 -1.11187
-0.531872 -1.52691 -1.28203 -3.47089 0.208862 0 -2.06421 -4.2551 -1.76215 -4.80784 -3.56205 -2.86635 -3.69679 -3.22538 -3.29965 -3.46687 -2.95569 -2.99016 -3.49903 -3.22029 -3.09578 -3.21805 -3.27994 -2.97862 -3.12493 -2.90233 -3.23563 -3.08426 -3.1265 -3.12269 -3.10443 -3.48385 -3.34244 -3.07452 -2.85237 -2.51077 -2.03237 -3.29531 -2.46556 -3.94206 -2.53253 -3.60393 -3.95178 0 -1.81874 0 -0.528932 -0.781779 2.01534 2.44067
0.493541 -0.37833 0.843331 -3.04131 -4.09803 -3.18215 0 -3.70396 -2.3759 -3.65964 -5.47856 -2.78475 -3.30762 -3.37374 -3.17995 -3.78062 -3.81775 -3.54418 -3.50495 -3.65737 -3.13769 -3.15896 -2.88481 -3.16726 -3.2877 -3.27898 -3.02266 -3.11329 -3.01344 -3.13337 -3.21033 -3.05258 -2.77697 -3.6924 -2.45741 -2.88456 -2.04898 -3.48389 -3.1022 0 -1.84967 -2.13966 -4.91408 -3.55998 -2.8853 -1.8735 -2.24354 -3.59548 -1.01742 0.283907
-0.587374 0.100375 -1.34147 -3.09239 -1.53706 -2.10662 -1.9698 -2.89876 -1.1706 -2.83823 -0.94601 0 -4.83874 -2.351 -3.27966 -2.1846 -2.57897 -3.53183 -2.86458 -3.38893 -3.18974 -3.35539 -3.13845 -3.23032 -3.26727 -3.04966 -3.05308 -3.05356 -2.80188 -3.12701 -3.15881 -3.01517 -3.4105 -3.29674 -3.03362 -2.56876 -2.81125 -2.25074 -3.3125 -3.0358 0 -2.80117 -2.6587 -2.70387 -1.1556 -4.1318 -4.80572 -0.66364 -0.323617 -0.457633
-1.06869 -1.6407 -2.47459 -1.26974 -2.60004 -4.84018 -2.54535 -2.31283 0 -3.26835 -1.80661 -5.1606 -2.70225 -1.26415 -3.63002 -3.65223 -3.65747 -3.14534 -3.44606 -3.06258 -3.10793 -3.12795 -3.29743 -3.25767 -3.03291 -3.21306 -2.88369 -3.36189 -3.27521 -3.30826 -3.0714 -3.1301 -3.24047 -3.08265 -3.09306 -3.3446 -3.20335 -2.3635 -2.1788 -2.03708 -3.35618 -2.33633 -3.28787 -2.46012 -3.19725 -1.92361 -1.62824 -1.94257 0.41032 -4.16525
-1.06255 -1.46211 0 -3.64545 -3.31733 -0.641412 -0.83241 -4.25129 -1.11241 0 -0.641041 -2.92618 -4.38524 -1.06035 -3.61348 -3.6007 -3.58614 -3.20504 -3.31201 -3.25591 -3.24297 -3.24652 -3.46413 -3.26555 -3.28712 -3.05205 -3.34837 -3.23015 -3.13957 -3.1811 -3.41756 -3.16429 -2.90248 -2.39054 -3.55117 -2.96459 -3.45222 -1.49738 -3.27266 -4.31395 -2.32771 -1.42971 -3.73386 0 -2.16266 -2.88782 -1.07161 -1.46818 -0.219591 -2.918
-0.792198 0.862199 -3.83824 -4.70186 0.185779 -0.198062 -2.70722 -4.22802 -2.016 0 -2.43739 0 -2.75686 -3.1017 -3.26645 -4.11356 -2.67531 -3.0599 -3.24364 -3.32345 -3.50434 -3.45272 -3.31539 -3.17395 -3.13484 -3.06261 -3.17287 -3.33472 -2.95453 -2.89013 -2.62597 -2.50232 -2.41719 -3.5076 -3.21192 -2.79623 -2.68356 0 -3.27208 -3.09505 -2.63353 -4.27563 -3.37828 0 -1.6522 -2.64072 -0.416228 -2.03849 -0.0507387 -1.45068
1.26896 -0.916026 -3.03681 0 -3.97583 -5.95965 -0.531057 -0.0513855 0 -4.9515 -1.18612 -3.01107 -2.68908 -4.42768 -3.67223 -2.7418 -3.21704 -3.42488 -3.27549 -3.39064 -3.21012 -3.15919 -2.86629 -2.99916 -3.56073 -2.94298 -3.39818 -2.92158 -2.80959 -3.06468 -2.61044 -2.97042 -3.2255 -3.8369 -2.45003 -2.57122 -3.65609 -2.82821 -4.68695 -4.39081 -3.95144 -3.16153 -4.81258 -1.36686 -4.38847 -2.8786 -1.65855 -3.0807 0.515103 1.18257
2.40475 0 -1.31514 -2.94729 -2.07028 0 0 -5.3535 -0.913477 -4.23648 -1.58206 -2.74062 -1.97599 -3.79305 -3.26569 -3.40018 -3.51087 -3.39308 -3.1018 -3.6339 -3.06628 -3.39981 -3.14119 -3.18927 -3.27722 -3.12653 -3.16742 -3.23214 -3.05157 -3.10594 -3.17906 -2.98699 -2.7581 -2.98432 -2.86427 -3.41272 -2.55163 -3.37576 -4.32309 -2.0306 0 -3.55814 -1.15554 -2.86921 -3.39299 -4.51131 -1.76237 -2.07375 -2.41457 1.51447
1.10224 -2.43095 -3.65361 0 -5.3747 -5.50515 0 -5.62564 0 -0.637601 -1.02083 -3.95864 -3.35217 -2.77727 -5.17394 -3.84738 -3.05095 -3.62697 -3.26257 -2.91013 -3.22804 -3.40576 -3.13961 -3.31 -2.93471 -3.30494 -3.22534 -2.98077 -3.2172 -2.90744 -3.09758 -3.10982 -2.82424 -2.5919 -2.91034 -4.45431 -2.91332 -1.99295 -4.65635 -2.70612 -5.18125 -0.86069 0 0 -2.78126 -2.69647 -2.04914 -0.044269 -1.43357 1.32904
-0.180332 -1.96112 -4.90535 -1.26761 0 0 0 -1.60903 -2.66836 -4.81656 -2.37005 -3.37804 -4.59298 -3.59353 -3.67764 -2.94909 -2.903 -3.48916 -3.89754 -2.90693 -2.94436 -3.17096 -3.23702 -3.05086 -3.09159 -3.10393 -3.38275 -3.0133 -2.98737 -3.0078 -2.81179 -2.84499 -2.84198 -2.37124 -3.00096 -3.0786 -4.16107 -2.87892 -1.82932 -1.28586 -1.81131 -5.91385 -3.63254 -0.913834 -1.39086 -3.73681 -3.68295 -1.16278 0 1.13802
-2.00934 0.7096 -2.05679 0 0 -4.31004 -1.00108 -2.93356 -2.69167 0 -2.06584 -3.41378 -1.97457 -4.09673 -3.04638 -3.66984 -3.36605 -3.20749 -3.79073 -3.39558 -3.34148 -3.05298 -3.12827 -3.06682 -3.16046 -3.08582 -3.06275 -3.12601 -2.71381 -2.94731 -3.38696 -2.6244 -3.22838 -2.99956 -3.22737 -3.01758 -2.59374 -2.90165 -3.50696 -4.29797 -5.32438 -3.11442 0 -1.89218 -5.35945 -2.17112 0.892998 0.493218 -0.186994 -1.11718